+7(916)0000000
+7(916)0000001
+7(916)0000002
+7(916)0000003
+7(916)0000004
+7(916)0000005
+7(916)0000006
+7(916)0000007
+7(916)0000008
+7(916)0000009
+7(916)0000010
+7(916)0000011
+7(916)0000012
+7(980)6402000
+7(980)6402001
+7(980)6402002
+7(980)6402003
+7(980)6402004
+7(980)6402005
+7(980)6402006
+7(980)6402007
+7(980)6402008
+7(980)6402009
+7(980)6402010
+7(938)3002011
+7(938)3002012
+7(938)3002013
+7(938)3002014
+7(938)3002015
+7(938)3002016
+7(938)3002017
+7(938)3002018
+7(938)3002019
+7(938)3002020
+7(938)3002021
+7(938)3002022
+7(938)3002023
+7(938)3002024
+7(938)3002025
+7(938)3002026
+7(938)3002027
+7(938)3002028
+7(938)3002029
+7(938)3002030
+7(938)3002031
+7(938)3002032
+7(938)3002033
+7(938)3002034
+7(938)3002035
+7(938)3002036
+7(938)3002037
+7(938)3002038
+7(938)3002039
+7(989)9502013
+7(989)9502014
+7(989)9502015
+7(989)9502016
+7(989)9502017
+7(989)9502018
+7(989)9502019
+7(989)9502020
+7(989)9502021
+7(989)9502022
+7(989)9502023
+7(989)9502024
+7(989)9502025
+7(989)9502026
+7(989)9502027
+7(989)9502028
+7(989)9502029
+7(989)9502030
+7(989)9502031
+7(989)9502032
+7(989)9502033
+7(989)9502034
+7(989)9502035
+7(989)9502036
+7(989)9502037
+7(989)9502038
+7(989)9502039
+7(989)9502040
+7(989)9502041
+7(989)9502042
+7(989)9502043
+7(989)9502044
+7(989)9502045
+7(989)9502046
+7(989)9502047
+7(989)9502048
+7(989)9502049
+7(989)9502050
+7(989)9502051
+7(989)9502052
+7(989)9502053
+7(989)9502054
+7(989)9502055
+7(989)9502056
+7(989)9502057
+7(989)9502058
+7(989)9502059
+7(989)9502060
+7(989)9502061
+7(989)9502062
+7(989)9502063
+7(989)9502064
+7(989)9502065
+7(989)9502066
+7(989)9502067
+7(989)9502068
+7(989)9502069
+7(989)9502070
+7(989)9502071
+7(989)9502072
+7(989)9502073
+7(989)9502074
+7(989)9502075
+7(989)9502076
+7(989)9502077
+7(989)9502078
+7(989)9502079
+7(989)9502080
+7(989)9502081
+7(989)9502082
+7(989)9502083
+7(989)9502084
+7(989)9502085
+7(989)9502086
+7(989)9502087
+7(989)9502088
+7(989)9502089
+7(989)9502090
+7(989)9502091
+7(989)9502092
+7(989)9502093
+7(989)9502094
+7(989)9502095
+7(989)9502096
+7(989)9502097
+7(989)9502098
+7(989)9502099
+7(989)9502100
+7(989)9502101
+7(989)9502102
+7(989)9502103
+7(989)9502104
+7(989)9502105
+7(989)9502106
+7(989)9502107
+7(989)9502108
+7(989)9502109
+7(989)9502110
+7(989)9502111
+7(989)9502112
+7(989)9502113
+7(989)9502114
+7(989)9502115
+7(989)9502116
+7(989)9502117
+7(989)9502118
+7(989)9502119
+7(989)9502120
+7(989)9502121
+7(989)9502122
+7(989)9502123
+7(989)9502124
+7(989)9502125
+7(989)9502126
+7(989)9502127
+7(989)9502128
+7(989)9502129
+7(989)9502130
+7(989)9502131
+7(989)9502132
+7(989)9502133
+7(989)9502134
