+44(1632)-615566
+44(1632)-615942
+44(1632)-100984
+44(1632)-972596
+44(1632)-701971
+44(1632)-161590
+44(1632)-360276
+44(1632)-129547
+44(1632)-628977
+44(1632)-610429
+44(1632)-619648
+44(1632)-923947
+44(1632)-748075
+44(1632)-978302
+44(1632)-855109
+44(1632)-939392
+44(1632)-373761
+44(1632)-928741
+44(1632)-636700
+44(1632)-592845
+44(1632)-801651
+44(1632)-236038
+44(1632)-499665
+44(1632)-100521
+44(1632)-460156
+44(1632)-166160
+44(1632)-384386
+44(1632)-322828
+44(1632)-880514
+44(1632)-705870
+44(1632)-247669
+44(1632)-983449
+44(1632)-161961
+44(1632)-295625
+44(1632)-222658
+44(1632)-488459
+44(1632)-698596
+44(1632)-628601
+44(1632)-998950
+44(1632)-340885
+44(1632)-250148
+44(1632)-880014
+44(1632)-217943
+44(1632)-624469
+44(1632)-948429
+44(1632)-376513
+44(1632)-217935
+44(1632)-562180
+44(1632)-740561
+44(1632)-678052
+44(1632)-771366
+44(1632)-547910
+44(1632)-189531
+44(1632)-777847
+44(1632)-135128
+44(1632)-911395
+44(1632)-163324
+44(1632)-183357
+44(1632)-315835
+44(1632)-497223
+44(1632)-931284
+44(1632)-538393
+44(1632)-486435
+44(1632)-988705
+44(1632)-574378
+44(1632)-576797
+44(1632)-601706
+44(1632)-302742
+44(1632)-276281
+44(1632)-317151
+44(1632)-367174
+44(1632)-867434
+44(1632)-759167
+44(1632)-747252
+44(1632)-585962
+44(1632)-642327
+44(1632)-802106
+44(1632)-348018
+44(1632)-987274
+44(1632)-380154
+44(1632)-617051
+44(1632)-455980
+44(1632)-783488
+44(1632)-515208
+44(1632)-346931
+44(1632)-166206
+44(1632)-883413
+44(1632)-420600
+44(1632)-115185
+44(1632)-274929
+44(1632)-405948
+44(1632)-995987
+44(1632)-743223
+44(1632)-240812
+44(1632)-526126
+44(1632)-692711
+44(1632)-148089
+44(1632)-531555
+44(1632)-602659
+44(1632)-476453
